Canon in D Major,
Composer: Johann Pachelbel,
4,

8,

16,

8,
8,
8,
8,

8,
8,
8,
8,

4,4,
4,4,
4,4,
4,4,

4,4,
4,4,
4,4,
4,4,

2,2,2,2,
2,2,2,2,
2,2,2,2,
2,2,2,2,

2,2,2,2,
2,2,2,2,
2,2,2,2,
2,2,2,2,

2,2,2,2,
2,2,2,2,
2,2,2,2,
2,2,2,2,

2,2,2,2,
2,2,2,2,
2,2,2,2,
2,2,2,2,

4,2,2,
2,2,2,2,
4,2,2,
2,2,2,2,
4,2,2,
4,2,2,
2,2,2,2,
8,

4,2,2,
2,2,2,2,
4,2,2,
2,2,2,2,
4,2,2,
4,2,2,
2,2,2,2,
4,2,2,

4,2,2,
2,2,2,2,
4,2,2,
2,2,2,2,
4,4,
4,4,
4,4,
4,4,
8;

Can Can,
Composer: Jacques Offenbach,
5,

8,

16,

2,2,
2,2,
2,2,
1,1,2,
2,2,
2,2,
2,2,
1,1,2,

2,2,
2,2,
2,2,
1,1,2,
2,2,
2,2,
2,2,
1,1,2,

2,2,
2,2,
2,2,
1,1,2,
2,2,
2,2,
2,2,

2,2,
2,2,
2,2,
2,2,
2,2,
2,2,
2,2,
2,2,
4,
2,2,
2,2,
2,2,
2,2,
2,2,
2,2,
2,2,
4,
2,2,
2,2,
2,2,
2,2,
2,2,
2,2,
2,2,
4,
2,2,
2,2,
2,2,
2,2,
2,2,
2,2,
2,2,
4,
2,2,
2,2,
2,2,
2,2,
2,2,
2,2,
2,
0,0,0,0;

Nocturne Op.9 No.2,
Composer: Fredrick Chopin,
3,
8,
8.5,

1,
4,1,1,3,2,1,
2,10,1,2,1,3,2,10,1,
3,2,1,3,10,3,10,
1,1,1,1,1,1,3,10,0,0,1,
3,10,1,1,1,1,2,10,1,1,1,
1,1,1,1,1,9,3,10
;


