Canon in D Major (Old),
3,

8,

16,

4,4,
4,4,
4,4,
4,4,

4,4,
4,4,
4,4,
4,4,

2,2,2,2,
2,2,2,2,
2,2,2,2,
2,2,2,2,

2,2,2,2,
2,2,2,2,
2,2,2,2,
4,4,

2,1,1,2,1,1,
1,1,1,1,1,1,1,1,
2,1,1,2,1,1,
1,1,1,1,1,1,1,1,

2,1,1,2,1,1,
1,1,1,1,1,1,1,1,
2,1,1,2,1,1,
1,1,1,1,1,1,1,1,

2,1,1,2,1,1,
1,1,1,1,1,1,1,1,
2,1,1,2,1,1,
1,1,1,1,1,1,1,1,

2,1,1,2,1,1,
1,1,1,1,1,1,1,1,
2,1,1,2,1,1,
1,1,1,1,1,1,1,1,

4,2,2,
2,2,2,2,
4,2,2,
2,2,2,2,
4,2,2,
4,2,2,
2,2,2,2,
4,2,2,

4,2,2,
2,2,2,2,
4,2,2,
2,2,2,2,
4,2,2,
4,2,2,
2,2,2,2,
4,2,2,

4,2,2,
2,2,2,2,
4,2,2,
2,2,2,2,
4,4,
4,4,
4,4,
4,4,
8;

Canon in D Major,
4,

8,

16,

8,
8,
8,
8,

8,
8,
8,
8,

2,2,2,2,
2,2,2,2,
2,2,2,2,
2,2,2,2,

2,2,2,2,
2,2,2,2,
2,2,2,2,
4,4,

2,1,1,2,1,1,
1,1,1,1,1,1,1,1,
2,1,1,2,1,1,
1,1,1,1,1,1,1,1,

2,1,1,2,1,1,
1,1,1,1,1,1,1,1,
2,1,1,2,1,1,
1,1,1,1,1,1,1,1,

2,1,1,2,1,1,
1,1,1,1,1,1,1,1,
2,1,1,2,1,1,
1,1,1,1,1,1,1,1,

2,1,1,2,1,1,
1,1,1,1,1,1,1,1,
2,1,1,2,1,1,
1,1,1,1,1,1,1,1,

4,2,2,
2,2,2,2,
4,2,2,
2,2,2,2,
4,2,2,
4,2,2,
2,2,2,2,
8,

1,1,1,1,1,1,1,1,
1,1,1,1,1,1,1,1,
1,1,1,1,1,1,1,1,
1,1,1,1,1,1,1,1,
1,1,1,1,1,1,1,1,
1,1,1,1,1,1,1,1,
1,1,1,1,1,1,1,1,
1,1,1,1,1,1,1,1,

4,2,2,
2,2,2,2,
4,2,2,
2,2,2,2,
4,4,
4,4,
4,4,
4,4,
8;

You,
2,

16,

10.67,

1,1,2,1,1,2,
1,1,2,1,1,2,
1,1,2,1,1,2,
1,1,2,1,1,2,

2,9,9,1,1,1,9,9,1,
2,9,9,1,1,1,2,
2,9,9,1,1,1,9,9,1,
2,9,9,1,4,

1,1,2,1,1,2,
1,1,2,1,1,2,
1,1,2,1,1,2,
1,1,2,1,1,2,

2,9,9,1,1,1,9,9,1,
2,9,9,1,1,1,2,
2,9,9,1,1,1,9,9,1,
2,9,9,1,2,0,1,

1,2,1,2,0,1,
1,1,1,1,2,0,1,
1,2,1,0,1,1,1,
1,1,1,1,4,

1,2,1,1,1,1,1,
1,1,1,1,2,0,1,
1,1,2,0,1,1,1,
1,1,1,1,2,0,1,

1,2,1,1,2,1,
1,1,2,1,1,1,1,
1,2,1,1,2,1,
1,2,1,3,1,

2,9,9,1,1,1,9,9,1,
2,9,9,1,1,1,2,
2,9,9,1,1,1,9,9,1,
2,9,9,1,4,

2,9,9,1,1,1,9,9,1,
2,9,9,1,1,1,2,
2,9,9,1,1,1,9,9,1,
2,9,9,1,4,

1,1,1,1,9,9,9,9,2,
1,1,1,1,4,
1,1,1,1,9,9,9,9,2,
1,2,1,4,

1,1,1,1,1,1,1,1,
1,1,1,1,1,1,1,1,
4,4,
3,1,4;

NARUTO Main Theme '14,
1,
8,
9.2,


[10,]
6,1,9,9,
6,0,9,9,
6,1,9,9,
4,4,
6,1,9,9,
6,0,9,9,
6,1,9,9,
4,4,0,
2,2,2,4,2,2,11,0,10,
2,2,2,4,2,2,10,11,[0,0,0,0,0];